0.3479999999999988
0.29199999999999915
0.1959999999999994
0
0.0
0
0
0.06399999999999983
0.14799999999999952
0
0
0
0.13599999999999945
0.24799999999999917
0
0
0.14799999999999952
0.4639999999999984
0.45599999999999863
0.3199999999999992
0.5399999999999983
0.4799999999999983
0.6239999999999979
1.0119999999999965
1.2199999999999955
1.3159999999999952
1.5439999999999945
1.4959999999999947
1.5399999999999947
1.503999999999995
1.5439999999999947
1.5279999999999947
1.5719999999999947
1.5759999999999947
1.6719999999999944
1.7639999999999942
1.9039999999999937
2.2639999999999927
2.0359999999999934
2.375999999999992
2.407999999999992
2.2399999999999927
2.2839999999999927
2.3839999999999923
2.6759999999999913
2.5439999999999916
2.667999999999991
2.7719999999999905
2.5159999999999916
2.3599999999999923
2.5599999999999916
2.779999999999991
3.07599999999999
3.263999999999989
3.423999999999989
3.5279999999999885
3.8479999999999874
3.759999999999988
3.8119999999999874
3.9679999999999866
3.7319999999999878
4.075999999999986
3.9959999999999867
4.059999999999986
4.571999999999985
4.487999999999985
4.463999999999985
4.855999999999984
4.719999999999985
4.711999999999985
4.895999999999984
5.067999999999984
5.267999999999983
5.423999999999983
5.771999999999982
6.0559999999999805
6.25599999999998
6.19999999999998
6.13599999999998
5.835999999999981
6.05199999999998
5.767999999999981
6.0239999999999805
6.471999999999979
6.339999999999979
6.283999999999979
6.267999999999979
6.515999999999979
6.423999999999979
6.475999999999979
6.451999999999979
6.479999999999978
6.819999999999977
6.707999999999977
6.803999999999977
6.939999999999976
7.191999999999975
7.0199999999999765
7.323999999999975
7.491999999999974
