0.3479999999999988
0.29199999999999915
0.1959999999999994
0
0.0
0
0
0.06399999999999983
0.14799999999999952
0
0
0
0.13599999999999945
0.24799999999999917
0
0
0.14799999999999952
0.4639999999999984
0.45599999999999863
0.3199999999999992
0.5399999999999983
0.4799999999999983
0.6239999999999979
0.9319999999999966
1.0599999999999963
1.0759999999999963
1.2239999999999958
1.095999999999996
1.0599999999999963
0.9439999999999966
0.9039999999999969
0.8079999999999972
0.7719999999999974
0.6959999999999975
0.7119999999999975
0.7239999999999975
0.7839999999999975
1.0639999999999965
0.7559999999999978
1.015999999999997
0.9679999999999971
0.719999999999998
0.6839999999999982
0.7039999999999981
0.9159999999999975
0.7039999999999982
0.7479999999999981
0.7719999999999979
0.43599999999999917
0.20000000000000007
0.31999999999999956
0.4599999999999989
0.6759999999999982
0.7839999999999976
0.8639999999999974
0.8879999999999972
1.1279999999999961
0.9599999999999967
0.9319999999999967
1.0079999999999967
0.6919999999999977
0.9559999999999969
0.7959999999999973
0.7799999999999974
1.2119999999999957
1.0479999999999963
0.9439999999999967
1.2559999999999958
1.0399999999999965
0.9519999999999968
1.0559999999999965
1.1479999999999964
1.2679999999999958
1.3439999999999956
1.6119999999999948
1.815999999999994
1.9359999999999935
1.799999999999994
1.6559999999999944
1.2759999999999956
1.411999999999995
1.0479999999999963
1.2239999999999958
1.5919999999999943
1.379999999999995
1.2439999999999956
1.147999999999996
1.3159999999999954
1.1439999999999961
1.115999999999996
1.0119999999999965
0.9599999999999966
1.2199999999999958
1.0279999999999963
1.0439999999999963
1.0999999999999959
1.2719999999999951
1.019999999999996
1.243999999999995
1.3319999999999947
