22.94
23.07
22.97
22.9
23.05
22.65
22.78
22.78
22.94
22.91
22.96
23.07
23.14
23.08
22.89
23.12
22.97
23.32
23.14
23.0
22.98
22.8
23.02
22.77
23.07
22.63
22.77
23.28
23.3
23.26
22.64
22.7
22.71
22.66
23.05
22.9
23.0
22.9
22.84
23.41
23.12
22.8
23.24
22.87
22.95
23.28
22.84
22.95
22.94
23.35
23.4
23.04
23.38
22.73
22.96
23.26
22.95
23.07
23.04
23.14
23.05
22.7
22.92
22.85
23.12
22.65
22.83
23.24
23.07
23.49
22.99
22.46
23.2
23.04
22.93
22.73
22.96
23.12
23.07
23.02
23.12
23.03
22.79
23.06
23.1
23.39
23.01
22.79
23.23
23.15
22.89
22.76
23.31
22.66
22.87
23.06
22.79
22.96
23.1
22.92
