22.94
23.07
22.97
22.9
23.05
22.65
22.78
22.78
22.94
22.91
22.96
23.07
23.14
23.08
22.89
23.12
22.97
23.32
23.14
23.0
22.98
22.8
23.02
22.83
23.57
22.47
22.82
24.11
24.15
24.04
22.49
22.65
22.67
22.55
23.51
23.16
23.4
23.15
23.0
24.42
23.7
22.9
24.01
23.07
23.26
24.11
23.01
23.27
23.25
24.26
24.39
23.51
24.35
22.72
23.3
24.04
23.28
23.57
23.51
23.74
23.53
22.66
23.21
23.03
23.69
22.53
22.99
23.99
23.58
24.62
23.38
22.04
23.9
23.5
23.22
22.73
23.31
23.7
23.57
23.44
23.7
23.48
22.88
23.54
23.65
24.37
23.42
22.87
23.98
23.77
23.12
22.79
24.17
22.55
23.08
23.54
22.88
23.31
23.65
23.2
